[7.73, 8.0, 7.73, -7.73, -8.0, -7.73] [-2.07, 0.0, 2.07, 2.07, -0.0, -2.07]
[7.73, 8.0, 7.73, -7.73, -8.0, -7.73] [-2.07, 0.0, 2.07, 2.07, -0.0, -2.07]
[7.73, 8.0, 7.73, -7.73, -8.0, -7.73] [-2.07, 0.0, 2.07, 2.07, -0.0, -2.07]
[7.73, 8.0, 7.73, -7.73, -8.0, -7.73] [-2.07, 0.0, 2.07, 2.07, -0.0, -2.07]
[7.73, 8.0, 7.73, -7.73, -8.0, -7.73] [-2.07, 0.0, 2.07, 2.07, -0.0, -2.07]
[7.73, 8.0, 7.73, -7.73, -8.0, -7.73] [-2.07, 0.0, 2.07, 2.07, -0.0, -2.07]
[7.73, 8.0, 7.73, -7.73, -8.0, -7.73] [-2.07, 0.0, 2.07, 2.07, -0.0, -2.07]
[7.73, 8.0, 7.73, -7.73, -8.0, -7.73] [-2.07, 0.0, 2.07, 2.07, -0.0, -2.07]
[7.73, 8.0, 7.73, -7.73, -8.0, -7.73] [-2.07, 0.0, 2.07, 2.07, -0.0, -2.07]
[7.73, 8.0, 7.73, -7.73, -8.0, -7.73] [-2.07, 0.0, 2.07, 2.07, -0.0, -2.07]
[7.73, 8.0, 7.73, -7.73, -8.0, -7.73] [-2.07, 0.0, 2.07, 2.07, -0.0, -2.07]
[7.73, 8.0, 7.73, -7.73, -8.0, -7.73] [-2.07, 0.0, 2.07, 2.07, -0.0, -2.07]
[7.73, 8.0, 7.73, -7.73, -8.0, -7.73] [-2.07, 0.0, 2.07, 2.07, -0.0, -2.07]
[7.54, 7.9, 7.54, -7.54, -7.8, -7.54] [-2.03, 0.0, 2.01, 2.03, 0.01, -2.02]
[6.58, 6.95, 6.7, -6.61, -6.84, -6.61] [-2.03, -0.21, 1.55, 2.17, 0.15, -1.82]
[5.66, 6.0, 5.82, -5.7, -5.91, -5.71] [-1.93, -0.34, 1.24, 2.3, 0.22, -1.75]
[4.74, 5.05, 4.94, -4.81, -4.98, -4.84] [-1.81, -0.44, 0.98, 2.42, 0.28, -1.71]
[3.84, 4.09, 4.05, -3.94, -4.07, -3.97] [-1.72, -0.51, 0.78, 2.51, 0.33, -1.67]
[2.94, 3.14, 3.19, -3.08, -3.18, -3.12] [-1.6, -0.54, 0.53, 2.59, 0.39, -1.64]
[2.18, 2.37, 2.49, -2.4, -2.48, -2.46] [-1.58, -0.56, 0.42, 2.65, 0.43, -1.62]
[1.16, 1.32, 1.54, -1.5, -1.53, -1.56] [-1.54, -0.54, 0.29, 2.71, 0.46, -1.62]
[0.35, 0.4, 0.74, -0.71, -0.85, -1.19] [-1.54, -0.44, 0.27, 2.76, 0.55, -1.64]
[0.07, -0.47, 0.44, 0.08, -0.32, -1.18] [-1.53, -0.5, 0.3, 2.83, 0.93, -1.64]
[-0.05, -1.35, 0.2, 0.86, 0.58, -1.08] [-1.61, -0.56, 0.23, 2.89, 1.18, -1.99]
[-0.25, -2.13, -0.46, 1.52, 1.42, -0.57] [-1.76, -0.51, 0.17, 2.92, 1.15, -2.57]
[-0.71, -3.04, -1.0, 2.33, 2.26, -0.15] [-1.66, -0.7, 0.11, 2.98, 1.01, -2.75]
[-1.16, -3.81, -1.62, 3.02, 2.93, 0.31] [-1.63, -0.8, 0.02, 3.02, 0.89, -2.68]
[-1.52, -4.34, -1.98, 3.54, 3.46, 0.75] [-1.64, -0.86, -0.04, 3.02, 0.81, -2.58]
[-2.25, -5.11, -2.67, 4.25, 4.16, 1.51] [-1.65, -0.94, -0.19, 3.0, 0.7, -2.38]
[-2.79, -5.64, -3.17, 4.81, 4.7, 2.11] [-1.66, -0.95, -0.3, 2.97, 0.61, -2.23]
[-3.45, -6.29, -3.74, 5.41, 5.28, 2.75] [-1.74, -0.92, -0.41, 2.92, 0.52, -2.1]
[-4.08, -6.94, -4.35, 6.02, 5.89, 3.42] [-1.82, -0.85, -0.49, 2.85, 0.41, -1.97]
[-4.63, -7.27, -4.85, 6.46, 6.4, 4.0] [-1.78, -0.78, -0.51, 2.73, 0.31, -1.88]
[-5.05, -7.48, -5.22, 6.72, 6.84, 4.54] [-1.78, -0.62, -0.5, 2.55, 0.21, -1.82]
[-5.47, -7.59, -5.47, 6.78, 7.06, 4.99] [-1.78, -0.35, -0.48, 2.48, 0.13, -1.8]
[-6.06, -7.6, -5.78, 6.78, 7.14, 5.41] [-1.74, -0.31, -0.44, 2.48, 0.08, -1.83]
[-6.72, -7.6, -6.34, 6.78, 7.13, 5.87] [-1.53, -0.31, -0.41, 2.48, 0.0, -1.94]
[-7.25, -7.6, -6.84, 6.78, 6.95, 6.33] [-1.32, -0.31, -0.33, 2.48, -0.65, -2.15]
[-7.56, -7.6, -7.18, 6.78, 7.15, 6.54] [-1.12, -0.31, -0.21, 2.48, -1.19, -2.3]
[-7.66, -7.6, -7.27, 6.78, 7.3, 6.61] [-1.08, -0.31, -0.12, 2.48, -1.31, -2.45]
[-7.72, -7.6, -7.3, 6.78, 7.35, 6.62] [-1.0, -0.31, 0.01, 2.48, -1.35, -2.58]
[-7.77, -7.6, -7.26, 6.78, 7.38, 6.54] [-0.9, -0.31, 0.33, 2.48, -1.41, -2.98]
[-7.81, -7.6, -6.98, 6.78, 7.4, 6.26] [-0.77, -0.31, 0.79, 2.48, -1.53, -3.52]
[-7.8, -7.6, -6.7, 6.78, 7.35, 6.0] [-0.65, -0.31, 1.0, 2.48, -1.64, -3.79]
[-7.77, -7.6, -6.24, 6.78, 7.16, 5.67] [-0.43, -0.31, 1.02, 2.48, -1.73, -3.97]
[-7.7, -7.6, -5.91, 6.78, 6.72, 5.3] [-0.11, -0.31, 0.73, 2.48, -1.75, -3.96]
[-7.63, -7.6, -5.74, 6.78, 6.38, 5.01] [0.21, -0.31, 0.25, 2.48, -1.59, -3.76]
[-7.41, -7.6, -5.7, 6.78, 6.17, 4.84] [0.81, -0.31, -0.3, 2.48, -1.23, -3.34]
[-7.21, -7.6, -5.78, 6.78, 6.19, 4.82] [1.13, -0.31, -0.78, 2.48, -0.84, -3.0]
[-6.95, -7.6, -6.0, 6.78, 6.38, 4.85] [1.49, -0.31, -1.32, 2.48, -0.38, -2.63]
[-6.95, -7.6, -6.2, 6.78, 6.63, 4.94] [1.49, -0.31, -1.65, 2.48, -0.05, -2.34]
[-6.95, -7.6, -6.44, 6.78, 6.98, 5.07] [1.49, -0.31, -1.98, 2.48, 0.27, -1.99]
[-6.95, -7.6, -6.5, 6.78, 7.17, 5.21] [1.49, -0.31, -2.05, 2.48, 0.47, -1.5]
[-6.95, -7.6, -6.5, 6.78, 7.27, 5.38] [1.49, -0.31, -2.05, 2.48, 0.51, -1.07]
[-6.95, -7.6, -6.5, 6.78, 7.3, 5.48] [1.49, -0.31, -2.05, 2.48, 0.52, -0.9]
